301 391585 999999
302 404041 15423
303 404129 15229
304 384565 -2441
305 388932 13296
306 409855 3053
307 396962 -5416
308 409734 -2346
309 396972 12457
310 394369 13532
311 382963 999999
312 382607 -6517
313 380911 2635
314 390067 13848
315 384675 3938
316 382223 13142
317 403754 -2489
318 402741 11175
319 401459 8825
320 383221 8870
321 381626 999999
322 411934 6205
323 411783 14850
324 397398 13279
325 402701 3193
326 392734 -7363
327 406534 -3444
328 381993 1176
329 405705 -2038
330 390548 6881
331 380300 999999
332 394413 7641
333 399855 15855
334 393142 2462
335 407611 21877
336 400424 23678
337 381752 9443
338 408296 3673
339 390040 313
340 380875 11072
341 392818 999999
342 380610 -7983
343 394932 19112
344 410695 4169
345 403831 11040
346 406488 19685
347 399090 10497
348 382589 16990
349 395145 10353
350 399314 9651
351 406740 999999
352 402044 2258
353 380335 -241
354 391192 -1395
355 405264 3181
356 408503 -5171
357 403775 11608
358 409292 -3003
359 397549 20556
360 405561 22627
361 386467 999999
362 409541 17129
363 411240 18813
364 409174 11601
365 386077 11215
366 388683 -787
367 403992 16824
368 385601 14392
369 395759 -6330
370 406428 19027
371 384084 999999
372 390075 9786
373 395498 15970
374 386287 14847
375 412604 -8497
376 401221 13663
377 385706 -6637
378 389010 13171
379 407489 9240
380 392164 16542
381 387619 999999
382 400913 -1409
383 386704 22818
384 389232 -8250
385 405205 -4025
386 381539 -8697
387 391422 12098
388 391247 4584
389 393648 -6029
390 397864 13913
391 391075 999999
392 401545 19712
393 397546 9678
394 381769 6262
395 388519 4985
396 408289 6944
397 382865 9540
398 403245 16508
399 408318 18870
400 389601 19323
401 401132 999999
402 404472 18152
403 405087 19570
404 409763 20901
405 397103 5423
406 383527 2600
407 406969 5015
408 385565 -8972
409 401543 16347
410 382088 -6057
411 392637 999999
412 402409 17463
413 385049 -4319
414 381588 2342
415 380608 23060
416 401221 -7242
417 409954 11888
418 394146 -8310
419 387949 3843
420 401430 16620
421 380748 999999
422 407067 -4464
423 400783 9035
424 412226 6185
425 387038 853
426 405629 2224
427 395748 10923
428 383359 23257
429 404766 -4056
430 394955 14318
431 412726 999999
432 405411 12025
433 400355 22001
434 402549 496
435 398584 515
436 397964 14342
437 388075 8913
438 396142 22196
439 401948 16072
440 400426 5606
441 406173 999999
442 404429 23404
443 386705 11626
444 409812 10375
445 410093 7565
446 396036 5736
447 409141 21814
448 385994 -744
449 386652 14936
450 410838 11482
451 381355 999999
452 401015 -7869
453 398230 8841
454 394625 -6989
455 412637 -4814
456 399690 -7350
457 385662 12634
458 390893 1353
459 401416 4452
460 394008 -1738
461 402233 999999
462 385454 7303
463 396634 17303
464 394256 -8852
465 391124 3317
466 384213 18109
467 404028 20200
468 401080 12318
469 396858 15050
470 404155 22361
471 395264 999999
472 391903 -5324
473 409643 17909
474 394902 -5439
475 408489 15948
476 381282 4653
477 410674 -6780
478 385402 -2077
479 383831 10369
480 383878 11259
481 399008 999999
482 402619 14971
483 410003 12945
484 389781 17504
485 392392 23685
486 405313 -2302
487 385589 3722
488 385938 10037
489 386410 22461
490 386234 3508
491 389961 999999
492 383959 -2507
493 381515 16269
494 404937 19869
495 380058 5700
496 393971 17264
497 395117 7215
498 404555 -1185
499 398330 -5961
500 410212 20288
501 408082 999999
502 381954 7085
503 400710 15484
504 404774 -620
505 409815 16951
506 386541 9115
507 381679 8110
508 405898 14073
509 380788 14977
510 398132 20956
511 408689 999999
512 406113 1008
513 392941 6790
514 381723 12363
515 380028 16184
516 404778 -1800
517 385071 -7115
518 401974 -7929
519 391333 13867
520 406153 5295
521 412168 999999
522 400825 676
523 395629 19650
524 382598 -5691
525 384693 -4314
526 410080 1116
527 392249 17667
528 381528 17679
529 387864 20421
530 388405 -174
531 386816 999999
532 387516 18726
533 408666 20087
534 407681 10964
535 381340 -3314
536 386021 2662
537 394721 -2936
538 409309 11415
539 397902 20873
540 397124 14941
541 412745 999999
542 411762 19423
543 407531 -4194
544 392268 318
545 385602 22907
546 404307 14481
547 381012 12136
548 406630 15114
549 406809 -4916
550 403556 3290
551 401293 999999
552 409996 20152
553 381054 16345
554 394708 -8752
555 387491 4712
556 385131 21114
557 396439 -1042
558 404722 20704
559 386995 -7948
560 405269 -1521
561 398238 999999
562 406423 18918
563 390866 8659
564 412498 19486
565 401196 -1538
566 406633 3158
567 392022 -7854
568 398392 4037
569 383925 1647
570 409458 -2398
571 410807 999999
572 384098 18830
573 409292 5600
574 387278 11799
575 398352 11448
576 393882 -8460
577 408315 -4425
578 388762 567
579 402336 9397
580 411418 10897
581 405828 999999
582 393851 17816
583 404230 -4551
584 396925 -8342
585 380229 15520
586 390940 20560
587 395147 16162
588 381655 11675
589 380792 13361
590 411754 7398
591 403146 999999
592 388714 17946
593 401188 10569
594 388638 18663
595 395075 15515
596 391521 -8525
597 395615 11528
598 393234 3570
599 380905 464
600 399557 19962
