1 380041 999999
2 398467 -2666
3 406500 10169
4 395724 2478
5 409358 17962
6 404464 -3295
7 408145 14281
8 396827 961
9 380491 -6005
10 391942 -4173
11 385436 999999
12 412391 5604
13 383902 -8847
14 380292 3382
15 397421 9716
16 399718 10895
17 385447 12726
18 394771 2538
19 381869 10912
20 405667 17299
21 397035 999999
22 389894 19703
23 403811 22322
24 410333 8673
25 384664 6141
26 387711 19253
27 386868 16547
28 407644 23662
29 412757 11037
30 392859 -277
31 389741 999999
32 407529 -8222
33 392316 -5965
34 402190 -7158
35 380288 21106
36 389040 -58
37 399264 13648
38 407446 14805
39 395890 -2271
40 404370 6350
41 395006 999999
42 411101 15393
43 383548 10629
44 392623 15084
45 399954 9756
46 391840 -4034
47 387376 4931
48 406308 7944
49 412439 15626
50 391323 -3463
51 401538 999999
52 396118 -6918
53 402929 7541
54 384833 22115
55 384639 20658
56 402704 930
57 393977 -6694
58 411673 13386
59 385021 19745
60 406924 10072
61 386270 999999
62 385829 17777
63 395573 -3903
64 396512 14986
65 393290 161
66 398636 13355
67 404767 14655
68 395574 -4969
69 392052 18350
70 381150 7941
71 401724 999999
72 393966 -5570
73 411107 21191
74 398007 2337
75 395457 3287
76 407753 1383
77 394945 -91
78 412209 758
79 404221 9588
80 386422 15946
81 407506 999999
82 393030 7413
83 409168 -8100
84 412591 9762
85 381655 8410
86 386359 18624
87 400537 12548
88 386483 18595
89 384041 -5398
90 404350 1291
91 410836 999999
92 389374 2020
93 384596 15021
94 407348 14199
95 399668 15484
96 388281 -4266
97 380053 -7001
98 406418 18938
99 386900 -5212
100 398127 -8533
101 383728 999999
102 394893 15648
103 402483 8807
104 382421 5310
105 386617 13813
106 389514 5309
107 387616 9935
108 397451 11600
109 385249 7519
110 411556 13798
111 410303 999999
112 386224 2008
113 385844 23609
114 394989 23702
115 383195 11485
116 383093 5343
117 410523 -7413
118 409314 503
119 387448 16200
120 393458 -2382
121 400580 999999
122 399796 5798
123 395281 10589
124 400798 19009
125 407157 11472
126 403622 9538
127 392292 -2962
128 404179 9190
129 409657 -1042
130 386191 10815
131 402888 999999
132 399156 2511
133 396202 -6366
134 404272 11055
135 400328 13646
136 406362 -4114
137 398875 19433
138 409869 11142
139 403844 -7584
140 401881 22998
141 390322 999999
142 398651 1021
143 385699 -5443
144 408476 18892
145 404389 -3925
146 390712 -6400
147 382510 12003
148 406869 8861
149 394688 4401
150 389789 6255
151 396423 999999
152 385002 1585
153 404182 1285
154 407088 22426
155 408617 14757
156 389832 21932
157 384169 -6846
158 405721 8189
159 399976 22329
160 382368 19692
161 401425 999999
162 390555 -5566
163 396549 -1559
164 389512 21145
165 398060 12718
166 383753 7139
167 392423 7279
168 405996 7687
169 392529 13549
170 397437 10866
171 392949 999999
172 380193 14195
173 383297 11416
174 408286 7105
175 404488 7282
176 392455 16734
177 398114 2701
178 411316 11671
179 385786 3263
180 384313 15355
181 411185 999999
182 400053 -8088
183 390808 -7168
184 400945 -4687
185 407756 19321
186 399558 14646
187 407982 -8519
188 384144 14196
189 400222 -1871
190 382161 -3465
191 400450 999999
192 391173 1466
193 392044 12659
194 406292 17439
195 397253 11024
196 406154 20510
197 384745 11649
198 393186 -687
199 384474 19022
200 382168 5018
201 398787 999999
202 389905 8958
203 387391 1202
204 383625 17477
205 384414 314
206 405824 20334
207 405874 15372
208 400159 2833
209 408070 -1513
210 408297 -1482
211 388177 999999
212 397773 23270
213 381763 -6332
214 397192 4985
215 383102 -520
216 409213 -1373
217 384802 -4901
218 410527 -6375
219 381543 -7076
220 391023 20972
221 393061 999999
222 394181 22003
223 407432 8505
224 407593 13725
225 393031 -508
226 380142 8222
227 411286 4064
228 387900 10187
229 388360 13413
230 410974 5270
231 409170 999999
232 380235 21833
233 399711 16760
234 398896 -4333
235 387285 3550
236 380140 4694
237 382695 12624
238 408019 -6875
239 406576 12694
240 402658 17302
241 397371 999999
242 402466 -4322
243 402593 14851
244 405484 -7982
245 408464 12119
246 403152 -6200
247 398087 22060
248 381926 10
249 384757 23170
250 400315 576
251 410227 999999
252 392043 13758
253 387164 -3891
254 387882 8086
255 409565 -5513
256 409577 5474
257 382625 16627
258 385629 22928
259 405423 19520
260 386902 5962
261 380123 999999
262 404596 -5263
263 393261 1195
264 412525 -7736
265 388260 -2798
266 388116 -3970
267 400326 20011
268 410771 -2589
269 405547 12153
270 401520 20790
271 394924 999999
272 410188 12763
273 384940 11851
274 398662 4829
275 410900 8713
276 398958 8578
277 388365 4007
278 391477 -7800
279 406058 -2561
280 382303 3760
281 399357 999999
282 382324 -2523
283 385108 12113
284 394887 10801
285 402850 5460
286 402428 3993
287 407384 10405
288 386540 22111
289 408704 3835
290 412356 -2928
291 409350 999999
292 398823 5485
293 400556 14216
294 381626 357
295 388526 4357
296 409337 14271
297 403869 20361
298 392896 4022
299 409617 1112
300 392717 9696
