1 380041 999999
2 398467 -2666
3 406500 10169
4 395724 2478
5 409358 17962
6 404464 -3295
7 408145 14281
8 396827 961
9 380491 -6005
10 391942 -4173
11 385436 999999
12 412391 5604
13 383902 -8847
14 380292 3382
15 397421 9716
16 399718 10895
17 385447 12726
18 394771 2538
19 381869 10912
20 405667 17299
21 397035 999999
22 389894 19703
23 403811 22322
24 410333 8673
25 384664 6141
26 387711 19253
27 386868 16547
28 407644 23662
29 412757 11037
30 392859 -277
31 389741 999999
32 407529 -8222
33 392316 -5965
34 402190 -7158
35 380288 21106
36 389040 -58
37 399264 13648
38 407446 14805
39 395890 -2271
40 404370 6350
41 395006 999999
42 411101 15393
43 383548 10629
44 392623 15084
45 399954 9756
46 391840 -4034
47 387376 4931
48 406308 7944
49 412439 15626
50 391323 -3463
51 401538 999999
52 396118 -6918
53 402929 7541
54 384833 22115
55 384639 20658
56 402704 930
57 393977 -6694
58 411673 13386
59 385021 19745
60 406924 10072
